.Random.seed <-
c(403L, 323L, 1089383526L, 838162271L, -1048566364L, 74735360L, 
-239909960L, 2099216519L, 997316266L, -582786599L, -733912488L, 
203043047L, 1407141331L, 872552209L, 1256832343L, 533122040L, 
1915773338L, -2077117460L, 706218665L, -342883428L, -494558979L, 
867139870L, 1682537389L, 2113687253L, -1395586949L, 191391575L, 
-866411441L, -1023460156L, 1187592409L, 538224202L, 699211060L, 
509287959L, -801958243L, -635049462L, 818159390L, -845652380L, 
-1661861962L, -2110372892L, 389929527L, 70411480L, 216126021L, 
191447875L, 195408091L, 1212561065L, 84399262L, 235434651L, 49840294L, 
891033878L, -1818248443L, -75875080L, -1538657769L, 1355782226L, 
1203770544L, -1513005494L, 62759913L, 1635604341L, -580660241L, 
-706173399L, -1618536402L, -1311621191L, 1702688197L, 1634949490L, 
1075131453L, -1045790217L, -1486879433L, 217812549L, -1673628395L, 
1736691865L, 1467232785L, 1626103827L, -999143505L, -1494773776L, 
-1948312673L, -1076482006L, 847777741L, 1506272055L, 345742751L, 
-1445125492L, 1956376569L, 1689295318L, 940857102L, -85538448L, 
888793646L, 1707464236L, -50040825L, 1293704216L, -790407120L, 
823368891L, -898399288L, 333283259L, 891895640L, 1268116736L, 
-1164603877L, 2042908620L, -1336937796L, 581869529L, -908999300L, 
1303559375L, -1779223850L, -168134580L, -102749671L, 1137969572L, 
-2019556671L, 1352657042L, -2147075431L, 1628563802L, 537523831L, 
1243153667L, 79611073L, 1086523926L, 1752591022L, 864941445L, 
-1940812944L, -1582906575L, 464572490L, -1742384380L, 1589562657L, 
2072106928L, -780400678L, 97294041L, 1314170743L, -2011962374L, 
1097892328L, -14653712L, -388922390L, 1002191556L, 1745010641L, 
722021237L, -1573435867L, 574625339L, -1774245800L, -1431808393L, 
1444985733L, 2035639997L, 1089535863L, -519054975L, 727220137L, 
1823796114L, 933944819L, -8051452L, 892243882L, 606993707L, -29660547L, 
-679766205L, 402613867L, 1652122374L, 867437382L, 1926135927L, 
1455481246L, -263862944L, 2015832886L, 166578454L, 1576121038L, 
-1764743102L, 1308318009L, -2104792516L, -2116693592L, -794308188L, 
-2143099375L, -416123448L, 343093860L, -1878255560L, 1537164296L, 
-1019726871L, 810418060L, -1883224952L, 1941996713L, 1850244748L, 
-370320186L, 1147622806L, -665313563L, -2106128767L, -537549158L, 
-1076494655L, -1964703601L, 833758334L, -2057856799L, -1308511016L, 
2104529186L, 1541564546L, 447438204L, -2127664089L, -1333079983L, 
-220665936L, -150509779L, -1305236345L, 101539742L, 1315223417L, 
1293263358L, -2112273691L, -1498140410L, 1804595731L, 15677512L, 
-1677572483L, -1342472522L, -704271306L, -1590745455L, -1737886136L, 
-1395037553L, 2017344282L, -2072329328L, 1987788694L, 772790370L, 
36266518L, -1490647678L, 1433675894L, 1802609340L, -1015012318L, 
1169061142L, -1932414081L, 704928871L, -1166767838L, -292209759L, 
-1763866354L, 865610380L, 1784440685L, 1855277609L, 939957819L, 
-373351413L, 1186545105L, -145156779L, -1275176451L, -636445883L, 
2033343854L, -586204563L, 652638855L, 1902584414L, 475609924L, 
1350074501L, 1191211579L, 432955636L, 1245634230L, -1464053608L, 
1561137589L, -1875828877L, 440718370L, -287197743L, 1935024356L, 
1731289904L, 1420943035L, 1182436141L, -1085103491L, -1154887121L, 
-1206136055L, 208402836L, -69561116L, -989734949L, 1060143232L, 
1196168682L, 1285820932L, 2001867596L, -1147642331L, 1087429060L, 
1184562817L, 1239010213L, -385688801L, 218738359L, 742387415L, 
1054483564L, 26605721L, 559545968L, 2135589580L, 478397291L, 
-1056424576L, 611007324L, -1739871565L, 316635995L, -540121165L, 
1247246449L, -1879033584L, 1218761335L, -332379272L, 717414408L, 
1954050332L, -1460593309L, 1293310410L, 1749780319L, 1650520800L, 
382860934L, -1051281671L, 4212333L, -545587128L, -1032969879L, 
-1567839741L, -418480536L, 376898888L, -737801208L, 381678364L, 
144590278L, 1413379081L, 2047412767L, 63555308L, -1910827910L, 
-1842140940L, -2108756972L, -1692953908L, 353890633L, -1790308175L, 
2114960021L, -132081118L, 2086726726L, -1580535090L, 484124095L, 
2117598238L, -1707126158L, -1993011235L, 1900764578L, -834580204L, 
-1399284035L, 403469645L, -308127547L, -75398132L, 682211658L, 
669353525L, -224318023L, 1399047056L, 1208332855L, 319511188L, 
-1954018843L, -1459027913L, 35332168L, 662078957L, 431547642L, 
-2058659204L, -336010720L, -209281761L, -475642145L, -46947984L, 
543801987L, -579203054L, 1469519747L, 156822198L, -875129767L, 
977463514L, -689921931L, 1409701614L, 639748048L, -1696519060L, 
-1610311757L, 91576046L, -1997173175L, 62570698L, 1435687445L, 
-1391306145L, 1770081912L, -1826702136L, 1298877644L, -135999250L, 
704047504L, -382875357L, -1369002840L, -958143146L, 1760601619L, 
-1612409896L, 452926632L, -1472352399L, 900178773L, 337403263L, 
-2079990744L, -369123089L, -1515216756L, 1702913233L, 1596703092L, 
1547519215L, -2097175133L, 261012618L, 852497463L, -562421125L, 
-1534457199L, -329969426L, 654293690L, 883907424L, -250607138L, 
1416617849L, -1551960792L, -896656062L, 387176742L, 160574569L, 
-178827358L, 1681039772L, 1115668462L, 463673877L, -973348130L, 
-1709179814L, 1705521250L, 1706065942L, 1434652144L, 688184993L, 
-1673296980L, 291271190L, -1722051567L, -1610467881L, -942351172L, 
-877282142L, 2136507034L, -2026252732L, 1351324340L, -1957453533L, 
-1680440173L, 1688226897L, -1172887526L, 433241896L, 1970622955L, 
1460973711L, 1901458668L, -1551733256L, 2092842401L, -828422082L, 
-1936497770L, -1488508625L, -941869094L, -1036421248L, -654751919L, 
-645090438L, 1435007328L, 1247728892L, 519450072L, 1147515812L, 
-1396265707L, -1857470164L, -682332778L, -646308932L, 1945493949L, 
1682789044L, -322372298L, -603575493L, 197042732L, -465224054L, 
-1995046849L, 928837533L, -1890357142L, -1253702493L, -1025526466L, 
-1761041342L, 1786653348L, 1604061256L, -941168969L, 1369750334L, 
1579290065L, -1184457812L, -460112893L, -1220974608L, 133742171L, 
1770188004L, 124383469L, -207607374L, 1462638071L, -1557160958L, 
-75922020L, 352697248L, 2035157307L, 2017227398L, -859756574L, 
-634536228L, -410224482L, -1005641091L, -79893200L, -1273014018L, 
500768246L, 978968897L, 1531852144L, 285316564L, 2098167045L, 
2142102608L, -333261023L, 861263850L, 1892998158L, -374311214L, 
1525692931L, 503462850L, 549285792L, 1992667047L, -56416197L, 
384866462L, 496864976L, -2025451928L, 851093669L, -1156971919L, 
402579935L, 772006396L, -711290639L, 1949743418L, 1150188966L, 
-607776778L, 299957556L, -489835827L, 1273903404L, 67296799L, 
2096752196L, -1190799296L, -203256432L, 347930295L, 599508301L, 
-1690697705L, -1040695977L, 1843750628L, -2144128973L, -1119038065L, 
-1625159874L, -974703337L, 1418182540L, 918124784L, -1519617311L, 
1893536278L, 154470891L, 757328215L, 489321499L, -639132856L, 
1045880206L, 1517461875L, -624648306L, 84655868L, -605625719L, 
1839485806L, -916557149L, -171225985L, 1171269859L, -30382681L, 
-378051451L, 2114608133L, 1677718397L, 1307293832L, 1502069840L, 
-818585926L, 1989493869L, 61271958L, 1450624777L, 540001952L, 
-1109294552L, 1389811534L, -1373238854L, 598080905L, -383359487L, 
217078964L, 1663914861L, 2110055158L, -1092339971L, -706148885L, 
463570773L, 1414000464L, -1105651791L, -848252807L, -422507182L, 
1930130704L, -173315168L, 1936243721L, 870738541L, -1534509184L, 
1952690980L, 311097387L, 1531331832L, -419220432L, 177324475L, 
811213445L, 256909784L, 544481442L, -1729621229L, 784555105L, 
-8182809L, 283647247L, 1132953854L, -1865244241L, 1369804194L, 
-1072948832L, 1490045595L, -41949688L, -189496278L, -93235253L, 
-1697599082L, -1829626243L, -1313104357L, 728349821L, -2014464522L, 
-1066405943L, -391081765L, 940836857L, 106138735L, -340308371L, 
-286700617L, -1591647515L, -1709042599L, 1246761046L, -650029995L, 
-1442492233L, -1444807649L, -565014411L, -1193614565L, -671943637L, 
29428193L, 1294074274L, -1823520270L, -1726765161L, -451499140L, 
1291029953L, -91278813L, -1949815885L, -345703273L, 229256825L, 
